#
# Fluorescence Model
#
name
creator
email	
doi
reference
unit
toolbox	staRdom
date
fluorometer
nSample	42
constraints
validation
methods
preprocess
sources
ecozones
description
#
# Excitation/Emission (Ex, Em), wavelength (nm), component[n] (intensity)
#
Ex	250	1	1
Ex	255	0.993688351456522	0.912463728184612
Ex	260	0.990121217245735	0.849759140633994
Ex	265	0.977491489559312	0.821941744047234
Ex	270	0.919780884202058	0.789586511201616
Ex	275	0.805356088660689	0.745726275093552
Ex	280	0.669085195254954	0.690320802047211
Ex	285	0.545156921191465	0.630817152601392
Ex	290	0.444106690424389	0.573304805871633
Ex	295	0.370897391220273	0.518166714084404
Ex	300	0.324067203915037	0.480031065441193
Ex	305	0.299872467377818	0.45508324122543
Ex	310	0.286014936466125	0.430344380499509
Ex	315	0.277578183730923	0.407270255350552
Ex	320	0.271712425096949	0.377823061979215
Ex	325	0.269896490914041	0.347346112498265
Ex	330	0.271285981241689	0.316144103932051
Ex	335	0.273178370432252	0.282796911843263
Ex	340	0.272619501425317	0.251326209531315
Ex	345	0.272299042844293	0.220647453396602
Ex	350	0.273415171352411	0.190051510475414
Ex	355	0.276098372075096	0.156873558075104
Ex	360	0.27969952217379	0.123230566002872
Ex	365	0.276672946435189	0.0917422739230064
Ex	370	0.263486659298497	0.0621201290929127
Ex	375	0.242439623954326	0.0357823267600242
Ex	380	0.217938445712296	0.0143736620764515
Ex	385	0.193844556274278	0
Ex	390	0.170250694287553	0
Ex	395	0.148530590620007	0
Ex	400	0.130179950252144	0
Ex	405	0.113722292024917	0
Ex	410	0.0987570030104425	0
Ex	415	0.0860787588224441	0
Ex	420	0.0753379552753552	0
Ex	425	0.0663478555551495	0
Ex	430	0.0577043428684027	0
Ex	435	0.0497730038401966	0
Ex	440	0.0429009579708059	0
Ex	445	0.0367199926692788	0
Ex	450	0.0318112114059874	0
Ex	455	0.0268929681955722	0
Ex	460	0.022745094514641	0
Ex	465	0.0192099082706986	0
Ex	470	0.016904383387146	0
Ex	475	0.0141926046687463	0
Ex	480	0.0116696957624481	0
Ex	485	0.00975669671455306	0
Ex	490	0.00814697928727736	0
Ex	495	0.00680366182279879	0
Ex	500	0.00560462265275337	0
Ex	505	0.00467632716897797	0
Ex	510	0.00388472649551348	4.63312267629247e-19
Ex	515	0.00319244323066193	0
Ex	520	0.00269032415436701	0
Ex	525	0.00207328499499871	0
Ex	530	0.00162932768194664	0
Ex	535	0.00123648375517173	0
Ex	540	0.000929401525063365	0
Ex	545	0.000748549414007163	0
Ex	550	0.000586263811628003	0
Em	300	0.0104981728540651	0.283091420575876
Em	301	0.00510261493915831	0.290412860999415
Em	302	0.0213279190817361	0.296621258704485
Em	303	0.0326769870470392	0.273857763041832
Em	304	0.066876199006812	0.267962311646877
Em	305	0.0111113457676306	0.313124448684658
Em	306	2.3962144877566e-18	0.337842773208446
Em	307	0.00504804950141182	0.341708466373136
Em	308	0.0487196005396227	0.297176622248984
Em	309	0	0.334516410178787
Em	310	0	0.359943647971753
Em	311	0.0286146806731307	0.314007486673264
Em	312	0.0240303461516374	0.341415874111266
Em	313	0	0.323797237779246
Em	314	0.0284177878921123	0.307722771684109
Em	315	0.0359251029240679	0.319178260509304
Em	316	0	0.36614707209816
Em	317	0.0356832521616523	0.325288296588442
Em	318	0	0.337638342233476
Em	319	0.00709705798736411	0.385395869470263
Em	320	0.0164392033878163	0.387548449223755
Em	321	0.0177249580777452	0.349507222424232
Em	322	0	0.39159729657181
Em	323	0.0205779037476609	0.387646893578373
Em	324	0	0.411601021228189
Em	325	0.0126429519486772	0.387625753773109
Em	326	4.79242897551319e-18	0.439425030999103
Em	327	0	0.41557000223912
Em	328	0	0.43153226631956
Em	329	0	0.414201998597778
Em	330	0	0.419660884025121
Em	331	0.0214510323968421	0.423720587488396
Em	332	0	0.450554831227005
Em	333	0	0.464640632512624
Em	334	0	0.461451500786259
Em	335	0	0.427844554014166
Em	336	9.58485795102639e-18	0.451861854189224
Em	337	0	0.480203377200835
Em	338	0	0.497267431230339
Em	339	0	0.462842888624399
Em	340	0	0.507459261808699
Em	341	0	0.486688893302459
Em	342	0	0.5111536014056
Em	343	0	0.509315304692083
Em	344	0	0.537089993974239
Em	345	0	0.529775751745451
Em	346	9.58485795102639e-18	0.539225492600919
Em	347	0	0.523920395292161
Em	348	0	0.531601503535475
Em	349	0	0.571649161947832
Em	350	0	0.58443518095229
Em	351	0	0.570067436095236
Em	352	0	0.595348869100448
Em	353	0	0.605749484544181
Em	354	0	0.636280977027406
Em	355	0	0.632736897817542
Em	356	0.0146081736950944	0.625619296536983
Em	357	0	0.638542665393569
Em	358	0	0.65552410445518
Em	359	0	0.659829980969994
Em	360	0	0.669762627409505
Em	361	0.0201131035629364	0.667938711413506
Em	362	0	0.711177232406007
Em	363	0	0.717001408052535
Em	364	0	0.725381394885738
Em	365	0	0.735547066895827
Em	366	0.0393983165016802	0.706475574683535
Em	367	0.000851442601899571	0.76644958978276
Em	368	0	0.770074772340677
Em	369	0.00430950163296457	0.805571566997468
Em	370	0.0165135398206483	0.80076709030021
Em	371	0	0.840163384375314
Em	372	0	0.87668090274259
Em	373	0.0587937105386137	0.798505889253524
Em	374	0.037172622060256	0.877287207204798
Em	375	0.0724668680061226	0.833787224196414
Em	376	0.0850615721582619	0.847091429805435
Em	377	0.0594192261004477	0.882342343182748
Em	378	0.0838684528045302	0.876058590345312
Em	379	0.0613405977088033	0.918122158747764
Em	380	0.0995493749066805	0.891259648985671
Em	381	0.149059534733639	0.867128420721989
Em	382	0.105981247058511	0.93761526954383
Em	383	0.167190655999644	0.862721580536987
Em	384	0.147815829407676	0.923432686299274
Em	385	0.185355313506055	0.91134539160514
Em	386	0.157643765680253	0.960061394047842
Em	387	0.148449587831907	1
Em	388	0.179862671559464	0.974031904536028
Em	389	0.185234804124856	0.963479748406782
Em	390	0.204815216588666	0.948158630640772
Em	391	0.186578273835379	0.956779323423698
Em	392	0.234396263386408	0.930670391697416
Em	393	0.244993302564783	0.930915290505097
Em	394	0.248364293830993	0.922424892262819
Em	395	0.261612472744881	0.89372823967862
Em	396	0.23258587788598	0.915406293906983
Em	397	0.299010047447825	0.84868089492668
Em	398	0.317901740347892	0.806470286540695
Em	399	0.28940779180052	0.836303662052065
Em	400	0.274455516314466	0.842857522381232
Em	401	0.302004543123694	0.841629454216033
Em	402	0.321686345601239	0.818699961891445
Em	403	0.360413035075364	0.786335031845162
Em	404	0.352995590907774	0.811171142469337
Em	405	0.38864819794629	0.803372841674026
Em	406	0.37845950434461	0.798871482127385
Em	407	0.411667704472509	0.803202767256801
Em	408	0.416274243323265	0.805586380206914
Em	409	0.445736975286741	0.785476145767834
Em	410	0.437988461307035	0.797242876562142
Em	411	0.446396516773245	0.796647299968945
Em	412	0.469132645960953	0.778876010518854
Em	413	0.459962781066248	0.805891119716402
Em	414	0.520372023893113	0.747633010089217
Em	415	0.511740448441161	0.77079391473998
Em	416	0.552250744911891	0.739553168278463
Em	417	0.554117995387118	0.744662680043691
Em	418	0.559996854429347	0.724122273846378
Em	419	0.569938818242792	0.729361135572976
Em	420	0.568801628747884	0.725692531142062
Em	421	0.581185226479763	0.715833411086765
Em	422	0.584903340396003	0.730201825682374
Em	423	0.624410510325705	0.682937544281997
Em	424	0.625842335052254	0.707991618535317
Em	425	0.620296208973011	0.710072189142317
Em	426	0.663856081788721	0.65514584128277
Em	427	0.655074598011025	0.688055344366345
Em	428	0.692147354214226	0.641131562545945
Em	429	0.695825288987473	0.635385153265262
Em	430	0.703862867269868	0.624961732246674
Em	431	0.729578060171886	0.598358179970351
Em	432	0.745445461538544	0.590698534417337
Em	433	0.737776966569186	0.595912558069249
Em	434	0.754973426204169	0.584715181778747
Em	435	0.780882304010886	0.579501050904137
Em	436	0.796699048230805	0.560788457590954
Em	437	0.800169127256841	0.553807609338029
Em	438	0.791375547797045	0.560255007806828
Em	439	0.838166349636079	0.512646237682328
Em	440	0.828397412043435	0.514153097376081
Em	441	0.826295182337662	0.532949345003508
Em	442	0.832868235093526	0.530191877217845
Em	443	0.843516137092718	0.509446028526777
Em	444	0.860551263260638	0.478364725996759
Em	445	0.874069904576583	0.471673276523368
Em	446	0.892784713883754	0.438334451969464
Em	447	0.889415332909826	0.436341813383115
Em	448	0.87560054033094	0.457629609050137
Em	449	0.916877853710276	0.415036863469806
Em	450	0.894568667122716	0.421893706286538
Em	451	0.921307922923794	0.391113061627045
Em	452	0.909975718235883	0.410917818839642
Em	453	0.933678534791987	0.36777928833347
Em	454	0.921847270892302	0.378803290366223
Em	455	0.923389757151993	0.369356066389686
Em	456	0.952156568688631	0.346379959141852
Em	457	0.935887989740966	0.350549597435444
Em	458	0.93787091804914	0.337907371505523
Em	459	0.949990762229508	0.315287748769653
Em	460	0.962981678511438	0.299256662393337
Em	461	0.964983234574947	0.286080352256991
Em	462	0.961890455968745	0.287976867145987
Em	463	0.9658623670491	0.275497665745732
Em	464	0.968603123758917	0.261333229046504
Em	465	1	0.162293717743823
Em	466	0.957132741379842	0.250051980344073
Em	467	0.948890130692541	0.258222408526069
Em	468	0.978080306633389	0.204585473684391
Em	469	0.957244561372625	0.214316850481749
Em	470	0.950747931450841	0.220422399045549
Em	471	0.957483409292325	0.215995835732118
Em	472	0.955955387878482	0.202003323154351
Em	473	0.977899915815677	0.176490063397347
Em	474	0.960051416223741	0.178040416621513
Em	475	0.971619454647892	0.157978474858699
Em	476	0.950022623309629	0.17046205541266
Em	477	0.957042306054635	0.157355582283279
Em	478	0.936089263407205	0.171957896479913
Em	479	0.939974833210573	0.16355006208268
Em	480	0.943491056963112	0.146383130319114
Em	481	0.933757385583822	0.141962847682603
Em	482	0.965561658987871	0.0950478329963933
Em	483	0.941468776758865	0.122955809719486
Em	484	0.936716384057032	0.11826510729942
Em	485	0.933928154695179	0.122534985550819
Em	486	0.93191870920852	0.109964795494483
Em	487	0.941744240529249	0.091400600443043
Em	488	0.924062747062622	0.106235830239572
Em	489	0.927895830621466	0.0804736167517919
Em	490	0.908033845272975	0.0943799520084174
Em	491	0.914729269505013	0.0780618803296554
Em	492	0.904198611305068	0.0781256670468531
Em	493	0.915147936860752	0.0581760581832929
Em	494	0.899514246198265	0.0648720402084243
Em	495	0.893100988247019	0.0563765406626676
Em	496	0.889817481934056	0.0541259241631129
Em	497	0.883209624884132	0.049742685576874
Em	498	0.878946920910296	0.0445263419772161
Em	499	0.868638906476933	0.0451899609847053
Em	500	0.858754566223189	0.0468967077028134
Em	501	0.855752642564757	0.0436183245505189
Em	502	0.850963290775763	0.0375435984779359
Em	503	0.844697811219911	0.0340302261918828
Em	504	0.838302496755115	0.0316856647981673
Em	505	0.825810521781018	0.0344483462095143
Em	506	0.826189372651778	0.0201153826061567
Em	507	0.805521147471512	0.029175926533665
Em	508	0.809391578041434	0.0127571652123835
Em	509	0.796187002025452	0.0188735580155577
Em	510	0.79281234876583	0.0133586106672112
Em	511	0.789616196724265	0.0047340665982426
Em	512	0.778260225888297	0.00646689388730926
Em	513	0.766152148008527	0.00710198136087131
Em	514	0.752700598897972	0.0118871660324159
Em	515	0.744618660096302	0.010483873524338
Em	516	0.734798584342284	0.00599727680508726
Em	517	0.732183353769264	0
Em	518	0.720434655590537	0.00501773754121973
Em	519	0.715598149910522	0.000585197285506943
Em	520	0.699139319849524	0
Em	521	0.698061355419907	0
Em	522	0.686954968611223	2.27832148522007e-18
Em	523	0.676199766348899	0
Em	524	0.66228650573569	2.27832148522007e-18
Em	525	0.649178113803355	0
Em	526	0.641544435390788	0
Em	527	0.644631445815867	0
Em	528	0.631027372155792	0
Em	529	0.619769329641451	0
Em	530	0.618130882639	0
Em	531	0.606125441188601	0
Em	532	0.602809217083291	0
Em	533	0.588091803503816	0
Em	534	0.586180125379453	0
Em	535	0.573986341986883	2.27832148522007e-18
Em	536	0.565257857018103	0
Em	537	0.562315436942591	0
Em	538	0.54815197251584	0
Em	539	0.546529460016069	0
Em	540	0.536597007798949	0
Em	541	0.528954465985743	0
Em	542	0.523059274476554	0
Em	543	0.513748378445401	0
Em	544	0.507194298227748	0
Em	545	0.49524732821687	0
Em	546	0.491338975761893	0
Em	547	0.482675165407995	0
Em	548	0.475707287436752	0
Em	549	0.471462362586942	0
Em	550	0.46331911730649	0
Em	551	0.457336983894412	0
Em	552	0.449793073971123	0
Em	553	0.444318094112648	0
Em	554	0.43602808708752	4.55664297044014e-18
Em	555	0.431879399317016	0
Em	556	0.421573239057451	0
Em	557	0.412760590475181	0
Em	558	0.411792073664953	0
Em	559	0.405610810898252	0
Em	560	0.399527906555937	0
Em	561	0.392542161827997	0
Em	562	0.387454162645105	0
Em	563	0.383378714873891	0
Em	564	0.37608938528418	0
Em	565	0.368352586701775	0
Em	566	0.365586800452212	4.55664297044014e-18
Em	567	0.356620317092182	0
Em	568	0.353804172829272	0
Em	569	0.344913061592191	0
Em	570	0.342877730476795	0
Em	571	0.338200998030058	0
Em	572	0.331216012476152	0
Em	573	0.324856307464244	4.55664297044014e-18
Em	574	0.328709798993362	0
Em	575	0.3204929293488	0
Em	576	0.312457976797955	0
Em	577	0.309924403002378	0
Em	578	0.300832933402132	0
Em	579	0.297966201685271	0
Em	580	0.289074374151456	0
