"sample"	"Comp.1"	"Comp.2"	"Comp.3"	"Number_all_years"	"Number_year"	"Where"	"Label"	"Date"	"A254"	"A300"	"A350"	"A365"	"A400"	"A465"	"A600"	"A665"	"C1_rel"	"C2_rel"	"C3_rel"
"1"	"v2021117"	0.561980422	0.737031045	0.360184322	20210117	117	"Otava"	"O1_Otava_P?sek"	"18.jan.21"	0.1171272	0.0657672	0.0271272	0.0216072	0.0116472	0.0032472	0.0019272	0.0002472	0.338706514159312	0.444209809286106	0.217083676554582
"2"	"v2021118"	0.885531672	1.27169161	0.564644383	20210118	118	"Otava"	"O2_Blanice"	"18.jan.21"	0.159624	0.085344	0.035904	0.028824	0.014064	0.005184	0.000984	0.001464	0.325339722936163	0.467212872378937	0.2074474046849
"3"	"v2021119"	0.854116928	1.238020723	0.404872201	20210119	119	"Otava"	"O4_Peklov"	"18.jan.21"	0.118864	0.060664	0.025264	0.014464	0.008664	0	0.002864	0	0.342055890294501	0.495801296902532	0.162142812802967
"4"	"v2021120"	0.592832119	0.842731204	0.354584814	20210120	120	"Otava"	"O3_Voly?ka"	"18.jan.21"	0.09462	0.0501	0.01974	0.01218	0.00666	0.00054	0.00018	0	0.3311637214524	0.470760596054515	0.198075682493085
"5"	"v2021121"	0.989370429	1.565313343	0.640094895	20210121	121	"Otava"	"O5_?ern??sk?_potok"	"18.jan.21"	0.1540176	0.0746976	0.0298176	0.0212976	0.0096576	0.0018576	0	0	0.309683559371282	0.489959870825693	0.200356569803025
"6"	"v2021122"	0.534187808	0.740157912	0.309404788	20210122	122	"Otava"	"O6_Nezdick?_potok"	"18.jan.21"	0.093416	0.043616	0.016616	0.010016	0.001616	0	0	0.000216	0.337292903965402	0.467345019471969	0.19536207656263
"7"	"v2021123"	0.504203492	0.688733785	0.246348476	20210123	123	"Otava"	"O7_Ostru?n?"	"18.jan.21"	0.0779328	0.0401328	0.0156528	0.0118128	0.0048528	0.0014928	0	0	0.350315071867456	0.478524701272437	0.171160226860107
"8"	"v2021124"	0.296764285	0.40088582	0.18619264	20210124	124	"Otava"	"O8_Vol?ovka"	"18.jan.21"	0.0518208	0.0261408	0.0093408	0.0069408	0.0031008	0	0	0	0.335765934244332	0.453571432551613	0.210662633204055
"9"	"v2021125"	0.386479659	0.324913854	0.110547392	20210125	125	"Otava"	"O9_Otava_nad_Vol?ovkou"	"18.jan.21"	0.0981984	0.0539184	0.0235584	0.0182784	0.0091584	0.0020784	0	0.0005184	0.470203705216496	0.395300747320758	0.134495547462746
"10"	"v2021126"	0.234701413	0.242425633	0.098512766	20210126	126	"Otava"	"O10_Losenice"	"18.jan.21"	0.0690048	0.0384048	0.0170448	0.0132048	0.0060048	0.0012048	0.0004848	0	0.407722690660597	0.421141185766352	0.171136123573051
"11"	"v2021127"	0.366843381	0.30286263	0.091805044	20210127	127	"Otava"	"O11_Hamersk?_potok"	"18.jan.21"	0.1062504	0.0601704	0.0314904	0.0215304	0.0116904	0.0026904	0.0001704	0	0.481730867321421	0.397712716068186	0.120556416610393
"12"	"v2021128"	0.402805901	0.301175332	0.103839276	20210128	128	"Otava"	"O12_Vydra"	"18.jan.21"	0.129576	0.077736	0.039816	0.029256	0.013896	0.005256	0	0.000336	0.498632922180489	0.372824567641671	0.12854251017784
"13"	"v2021129"	0.403262429	0.438649542	0.147583405	20210129	129	"Otava"	"O13_Voly?ka"	"18.jan.21"	0.0745416	0.0362616	0.0156216	0.0126216	0.0067416	0.0002616	0	0	0.407543520445921	0.443306308083243	0.149150171470837
"14"	"v2021130"	0.644788703	0.712004654	0.201560553	20210130	130	"Otava"	"O14_Blanice"	"18.jan.21"	0.1219968	0.0658368	0.0292368	0.0213168	0.0109968	0.0029568	0	0	0.413762688220162	0.456895349272746	0.129341962507092
"15"	"v20211310"	1.093804632	1.228233325	0.411390188	20211310	1310	"Otava"	"O1_Otava_P?sek"	"25.mai.21"	0.2677296	0.1491696	0.0684096	0.0524496	0.0268896	0.0082896	0	0	0.4001585459639	0.449338069210522	0.150503384825578
"16"	"v20211311"	1.380144593	1.708080812	0.668795214	20211311	1311	"Otava"	"O2_Blanice"	"25.mai.21"	0.2943384	0.1587384	0.0674184	0.0508584	0.0239784	0.0071784	0	0.0009384	0.367350816766971	0.454637060909886	0.178012122323143
"17"	"v20211312"	0.924735651	1.166116103	0.407510004	20211312	1312	"Otava"	"O3_Voly?ka"	"25.mai.21"	0.1670424	0.0914424	0.0357624	0.0256824	0.0110424	0.0031224	0	0	0.370136809867068	0.466752302490214	0.163110887642717
"18"	"v20211313"	1.354410348	1.738620421	0.502060285	20211313	1313	"Otava"	"O4_Peklov"	"25.mai.21"	0.23302	0.12842	0.05382	0.04062	0.01902	0.00362	0	0	0.376738816251412	0.483609565066665	0.139651618681923
"19"	"v20211314"	1.303192033	1.833096447	0.772966787	20211314	1314	"Otava"	"O5_?ern??sk?_potok"	"25.mai.21"	0.243976	0.125176	0.048976	0.036976	0.016176	0.004776	0	0	0.333360689950565	0.468911933808491	0.197727376240944
"20"	"v20211315"	1.055540662	1.265260881	0.395914486	20211315	1315	"Otava"	"O6_Nezdick?_potok"	"25.mai.21"	0.204876	0.116076	0.046276	0.029476	0.015076	0.001676	0	0	0.388535515207504	0.465731739163674	0.145732745628822
"21"	"v20211316"	0.878319613	1.058191781	0.314578753	20211316	1316	"Otava"	"O7_Ostru?n?"	"25.mai.21"	0.1558	0.0852	0.0312	0.0226	0.0108	2e-04	0	0	0.390175228731078	0.470079700011232	0.13974507125769
"22"	"v20211317"	0.457803244	0.547398865	0.190742165	20211317	1317	"Otava"	"O8_Vol?ovka"	"25.mai.21"	0.096888	0.052288	0.017488	0.013888	0.004888	0	0	0	0.382796467989946	0.45771268519824	0.159490846811814
"23"	"v20211318"	0.822521958	0.606385309	0.141642632	20211318	1318	"Otava"	"O9_Otava_nad_Vol?ovkou"	"25.mai.21"	0.242412	0.142332	0.068172	0.052212	0.026892	0.006492	0	0	0.523715902642581	0.386097448661833	0.0901866486955853
"24"	"v20211319"	0.532711982	0.47780769	0.119969376	20211319	1319	"Otava"	"O10_Losenice"	"25.mai.21"	0.1290216	0.0699816	0.0295416	0.0221016	0.0102216	0	0	0	0.471222594276738	0.422655744295189	0.106121661428073
"25"	"v20211320"	1.006796528	0.649943808	0.158836154	20211320	1320	"Otava"	"O11_Hamersk?_potok"	"25.mai.21"	0.3147744	0.1893744	0.0924144	0.0720144	0.0372144	0.0102144	0	0	0.554532697215087	0.357982057809087	0.0874852449758258
"26"	"v20211321"	1.435862112	0.87391419	0.152565129	20211321	1321	"Otava"	"O12_Vydra"	"25.mai.21"	0.493624	0.293024	0.145824	0.115024	0.057224	0.018024	0	0	0.583128762698385	0.354911865185604	0.061959372116011
"27"	"v20211322"	0.84518493	0.806488374	0.228872543	20211322	1322	"Otava"	"O13_Voly?ka"	"25.mai.21"	0.165768	0.087648	0.037008	0.026688	0.012048	0.000768	0	0	0.449435961026054	0.428858661056616	0.12170537791733
"28"	"v20211323"	1.136106785	1.101967086	0.248794966	20211323	1323	"Otava"	"O14_Blanice"	"25.mai.21"	0.246448	0.138048	0.057448	0.045048	0.020448	0.001248	0	0	0.456842262083483	0.443114276718085	0.100043461198432
"29"	"v20211962"	1.175149257	1.493213214	0.574994658	20211962	1962	"Otava"	"O1_Otava_P?sek"	"24.aug.21"	0.2430648	0.1373448	0.0623448	0.0505848	0.0277848	0.0113448	0.0034248	0.0018648	0.362324964615391	0.460391241115156	0.177283794269453
"30"	"v20211963"	1.792822871	2.34369611	0.944198566	20211963	1963	"Otava"	"O2_Blanice"	"24.aug.21"	0.3424224	0.1879824	0.0871824	0.0673824	0.0366624	0.0144624	0.0055824	0.0031824	0.352868045589073	0.461292344697232	0.185839609713695
"31"	"v20211964"	1.382654675	1.680611218	0.582	20211964	1964	"Otava"	"O3_Voly?ka"	"24.aug.21"	0.2512392	0.1397592	0.0645192	0.0515592	0.0258792	0.0106392	0.0027192	0.0021192	0.37930145991685	0.461039404896986	0.159659135186164
"32"	"v20211965"	1.863832882	2.359959206	0.654008623	20211965	1965	"Otava"	"O4_Peklov"	"24.aug.21"	0.292344	0.162544	0.071544	0.056544	0.027744	0.013944	0.004544	0.003744	0.382105172480057	0.483816241339672	0.134078586180271
"33"	"v20211966"	1.976867421	2.746381596	1.146076479	20211966	1966	"Otava"	"O5_?ern??sk?_potok"	"24.aug.21"	0.334692	0.176292	0.079292	0.064692	0.034092	0.015692	0.006892	0.005092	0.336813390626786	0.467921160254562	0.195265449118653
"34"	"v20211967"	1.175561048	1.347036727	0.443332024	20211967	1967	"Otava"	"O6_Nezdick?_potok"	"24.aug.21"	0.2112816	0.1193616	0.0551616	0.0431616	0.0236016	0.0090816	0.0038016	0.0016416	0.396354980619014	0.454170131556779	0.149474887824208
"35"	"v20211968"	1.139265525	1.319655824	0.487469984	20211968	1968	"Otava"	"O7_Ostru?n?"	"24.aug.21"	0.2139744	0.1227744	0.0577344	0.0430944	0.0234144	0.0096144	0.0042144	0.0021744	0.386664701406112	0.447888849393381	0.165446449200507
"36"	"v20211969"	0.556873743	0.617181798	0.237968443	20211969	1969	"Otava"	"O8_Vol?ovka"	"24.aug.21"	0.1240896	0.0716496	0.0340896	0.0273696	0.0159696	0.0073296	0.0039696	0.0012096	0.394379804670513	0.43709016630981	0.168530029019677
"37"	"v20211970"	1.687266177	1.107668155	0.253357673	20211970	1970	"Otava"	"O9_Otava_nad_Vol?ovkou"	"24.aug.21"	0.6097968	0.3736368	0.1848768	0.1459968	0.0795168	0.0321168	0.0070368	0.0030768	0.553511991053495	0.363373375379765	0.0831146335667406
"38"	"v20211971"	1.282745993	1.012421161	0.286	20211971	1971	"Otava"	"O10_Losenice"	"24.aug.21"	0.3630408	0.2183208	0.1050408	0.0845208	0.0451608	0.0190008	0.0059208	0.0031608	0.496963550389267	0.392233861891147	0.110802587719586
"39"	"v20211972"	2.247803573	1.401756865	0.285783982	20211972	1972	"Otava"	"O11_Hamersk?_potok"	"24.aug.21"	0.9326808	0.5852808	0.2983608	0.2345208	0.1297608	0.0522408	0.0131208	0.0068808	0.571183442439328	0.356196743003246	0.0726198145574257
"40"	"v20211973"	3.098823094	1.852217292	0.345947377	20211973	1973	"Otava"	"O12_Vydra"	"24.aug.21"	1.326564	0.807364	0.403964	0.312964	0.168964	0.066964	0.014364	0.008964	0.585016094552001	0.349673696612616	0.0653102088353833
"41"	"v20211974"	1.22098446	1.09360805	0.270666569	20211974	1974	"Otava"	"O13_Voly?ka"	"24.aug.21"	0.2757336	0.1572936	0.0753336	0.0590136	0.0310536	0.0114936	0.0036936	0.0027336	0.472287079433558	0.423016810532976	0.104696110033466
"42"	"v20211975"	1.392617197	1.34569398	0.426396242	20211975	1975	"Otava"	"O14_Blanice"	"24.aug.21"	0.3076584	0.1799784	0.0881784	0.0696984	0.0388584	0.0158184	0.0064584	0.0054984	0.440046112521848	0.42521908089223	0.134734806585923
"43"	"v20212835"	0.778253254	1.025070057	0.526828584	20212835	2835	"Otava"	"O1_Otava_P?sek"	"13.okt.21"	0.24516	0.13296	0.05844	0.04428	0.0234	0.00876	0.00096	0.00036	0.333992498802315	0.43991555194302	0.226091949254664
"44"	"v20212836"	1.030838986	1.443592523	0.892645947	20212836	2836	"Otava"	"O2_Blanice"	"13.okt.21"	0.2760528	0.1393728	0.0594528	0.0437328	0.0220128	0.0084528	0.0006528	0.0002928	0.306152442131405	0.428737545204841	0.265110012663754
"45"	"v20212852"	0.535191609	0.70127022	0.287117215	20212852	2852	"Otava"	"O3_Voly?ka"	"16.okt.21"	0.1234368	0.0693168	0.0304368	0.0214368	0.0115968	0.0042768	0	0	0.351272624224936	0.460278200045918	0.188449175729146
"46"	"v20212853"	0.821414797	1.124987018	0.397080606	20212853	2853	"Otava"	"O4_Peklov"	"16.okt.21"	0.1671384	0.0929784	0.0401784	0.0276984	0.0154584	0.0051384	0.0006984	0.0009384	0.350510330113545	0.48004926681718	0.169440403069275
"47"	"v20212854"	1.15060869	1.768755484	0.833096086	20212854	2854	"Otava"	"O5_?ern??sk?_potok"	"16.okt.21"	0.2551824	0.1283424	0.0522624	0.0370224	0.0189024	0.0057024	0	0.0013824	0.306627814893901	0.471358884957252	0.222013300148847
"48"	"v20212855"	0.569386007	0.704113514	0.268503093	20212855	2855	"Otava"	"O6_Nezdick?_potok"	"16.okt.21"	0.1229088	0.0722688	0.0318288	0.0207888	0.0122688	0.0038688	0	0.0002688	0.369250999855957	0.456622775867746	0.174126224276297
"49"	"v20212856"	0.459578827	0.560575502	0.219267677	20212856	2856	"Otava"	"O7_Ostru?n?"	"16.okt.21"	0.1046112	0.0611712	0.0274512	0.0190512	0.0112512	0.0035712	0.0004512	0.0011712	0.370800925572722	0.452287840046629	0.176911234380649
"50"	"v20212857"	0.250564476	0.288764739	0.142815024	20212857	2857	"Otava"	"O8_Vol?ovka"	"16.okt.21"	0.0615288	0.0384888	0.0159288	0.0107688	0.0056088	0.0018888	8.88e-05	0.0015288	0.367318906580988	0.423319178687662	0.209361914731351
"51"	"v20212858"	0.717903305	0.502343808	0.11826237	20212858	2858	"Otava"	"O9_Otava_nad_Vol?ovkou"	"16.okt.21"	0.3110064	0.1900464	0.0927264	0.0724464	0.0382464	0.0132864	0	0	0.536345325989745	0.375300895794998	0.0883537782152568
"52"	"v20212859"	0.310009459	0.281034336	0.081736431	20212859	2859	"Otava"	"O10_Losenice"	"16.okt.21"	0.0983592	0.0582792	0.0274392	0.0173592	0.0087192	0.0019992	0	0	0.460788600823116	0.417720862087287	0.121490537089596
"53"	"v20212860"	0.58681282	0.396437539	0.073984332	20212860	2860	"Otava"	"O11_Hamersk?_potok"	"16.okt.21"	0.2531832	0.1592232	0.0799032	0.0589032	0.0327432	0.0119832	0	0	0.555044991424709	0.374975908731319	0.0699790998439721
"54"	"v20212861"	0.978402625	0.609988008	0.084513758	20212861	2861	"Otava"	"O12_Vydra"	"16.okt.21"	0.4597488	0.2821488	0.1400688	0.1071888	0.0577488	0.0200688	0.0020688	0.0009888	0.584852685104824	0.364628134926092	0.0505191799690841
"55"	"v20212862"	0.399965979	0.392729906	0.102274197	20212862	2862	"Otava"	"O13_Voly?ka"	"16.okt.21"	0.095844	0.053724	0.024564	0.017004	0.009084	0.002484	0	0	0.44690430109819	0.438819033059029	0.114276665842781
"56"	"v20212863"	0.85993158	0.890313328	0.260016267	20212863	2863	"Otava"	"O14_Blanice"	"16.okt.21"	0.2342736	0.1361136	0.0630336	0.0461136	0.0234336	0.0062736	0	0	0.427771073079596	0.442884406798534	0.129344520121869
"57"	"v20221420"	0.791155693	1.086489946	0.525091094	NA	1420	"Otava"	"O3 - Voly?ka "	"30.05.2022"	NA	NA	NA	NA	NA	NA	NA	NA	0.3292727339346	0.452188511158039	0.218538754907361
"58"	"v20221421"	1.200683015	1.620717476	0.611069219	NA	1421	"Otava"	"O4 - Peklov "	"30.05.2022"	NA	NA	NA	NA	NA	NA	NA	NA	0.34980148885276	0.472172404399746	0.178026106747494
"59"	"v20221422"	1.30757627	1.9278714	0.92980555	NA	1422	"Otava"	"O5 - ?ern¡?sk? potok "	"30.05.2022"	NA	NA	NA	NA	NA	NA	NA	NA	0.313924796629771	0.462846146002139	0.22322905736809
"60"	"v20221423"	0.721766241	0.958859625	0.451614598	NA	1423	"Otava"	"O6 - Nezdick? potok "	"30.05.2022"	NA	NA	NA	NA	NA	NA	NA	NA	0.338501333778271	0.449695820517924	0.211802845703804
"61"	"v20221424"	0.580170691	0.726873531	0.333329027	NA	1424	"Otava"	"O7 - Ostru?n  "	"30.05.2022"	NA	NA	NA	NA	NA	NA	NA	NA	0.353682121647425	0.443114718825801	0.203203159526774
"62"	"v20221425"	0.359958028	0.443572492	0.194904284	NA	1425	"Otava"	"O8 - Vol?ovka "	"30.05.2022"	NA	NA	NA	NA	NA	NA	NA	NA	0.36052231608705	0.4442678582747	0.19520982563825
"63"	"v20221426"	0.637033733	0.505039807	0.213026276	NA	1426	"Otava"	"O9 - Otava nad Vol?ovkou"	"30.05.2022"	NA	NA	NA	NA	NA	NA	NA	NA	0.470100966348297	0.372695650192605	0.157203383459097
"64"	"v20221427"	0.500609526	0.457496797	0.168410669	NA	1427	"Otava"	"O10 - Losenice "	"30.05.2022"	NA	NA	NA	NA	NA	NA	NA	NA	0.444387017288773	0.406116197313427	0.149496785397801
"65"	"v20221428"	1.562607843	1.028490325	0.25982641	NA	1428	"Otava"	"O11 - Hamersk? potok "	"30.05.2022"	NA	NA	NA	NA	NA	NA	NA	NA	0.548105640906225	0.360756763941301	0.0911375951524734
"66"	"v20221429"	1.700067814	1.064562152	0.210621699	NA	1429	"Otava"	"O12 - Vydra "	"30.05.2022"	NA	NA	NA	NA	NA	NA	NA	NA	0.571403029195515	0.357805749517999	0.0707912212864857
"67"	"v20221430"	1.021813567	0.953604616	0.294285072	NA	1430	"Otava"	"O13 - Voly?ka "	"30.05.2022"	NA	NA	NA	NA	NA	NA	NA	NA	0.450196987094685	0.420145062531533	0.129657950373781
"68"	"v20221431"	1.005405781	0.942811967	0.288	NA	1431	"Otava"	"O14 - Blanice "	"30.05.2022"	NA	NA	NA	NA	NA	NA	NA	NA	0.449601020249125	0.421610090449922	0.128788889300954
"69"	"v20221432"	0.648507556	0.670610469	0.399	NA	1432	"Otava"	"O1 - Otava - P¡sek"	"31.05.2022"	NA	NA	NA	NA	NA	NA	NA	NA	0.377452274269691	0.390316881170023	0.232230844560286
"70"	"v20221433"	1.135750059	1.399372281	0.897450052	NA	1433	"Otava"	"O2 - Blanice "	"31.05.2022"	NA	NA	NA	NA	NA	NA	NA	NA	0.330874320858314	0.407674513802359	0.261451165339327
"71"	"v20222328"	0.644619206	0.827526749	0.382161957	NA	2328	"Otava"	"O1 - Otava - P¡sek"	"02.08.2022"	NA	NA	NA	NA	NA	NA	NA	NA	0.347633314741527	0.446272565437881	0.206094119820592
"72"	"v20222329"	1.262196998	1.620516107	0.605791858	NA	2329	"Otava"	"O2 - Blanice "	"02.08.2022"	NA	NA	NA	NA	NA	NA	NA	NA	0.361816024740453	0.464530256997659	0.173653718261888
"73"	"v20222330"	0.683050431	0.885855401	0.37043116	NA	2330	"Otava"	"O3 - Voly?ka "	"02.08.2022"	NA	NA	NA	NA	NA	NA	NA	NA	0.352208220550459	0.456782603876614	0.191009175572927
"74"	"v20222331"	0.999648541	1.386814937	0.42548779	NA	2331	"Otava"	"O4 - Peklov "	"02.08.2022"	NA	NA	NA	NA	NA	NA	NA	NA	0.355499952071004	0.493185978285595	0.1513140696434
"75"	"v20222332"	1.308190257	1.890321215	0.924144833	NA	2332	"Otava"	"O5 - ?ern¡?sk? potok "	"02.08.2022"	NA	NA	NA	NA	NA	NA	NA	NA	0.317317321701888	0.458520205215118	0.224162473082995
"76"	"v20222333"	0.608430432	0.794679469	0.386242164	NA	2333	"Otava"	"O6 - Nezdick? potok "	"02.08.2022"	NA	NA	NA	NA	NA	NA	NA	NA	0.340028350988602	0.444115769358111	0.215855879653287
"77"	"v20222334"	0.510510449	0.645277887	0.332759665	NA	2334	"Otava"	"O7 - Ostru?n  "	"02.08.2022"	NA	NA	NA	NA	NA	NA	NA	NA	0.342958674263135	0.433494846364716	0.223546479372149
"78"	"v20222335"	0.288957541	0.346027339	0.187359917	NA	2335	"Otava"	"O8 - Vol?ovka "	"02.08.2022"	NA	NA	NA	NA	NA	NA	NA	NA	0.351382463966632	0.420781331945364	0.227836204088004
"79"	"v20222336"	0.463301676	0.386092372	0.197571767	NA	2336	"Otava"	"O9 - Otava nad Vol?ovkou"	"02.08.2022"	NA	NA	NA	NA	NA	NA	NA	NA	0.442518436955843	0.36877266331757	0.188708899726588
"80"	"v20222337"	0.278226304	0.274217576	0.127041555	NA	2337	"Otava"	"O10 - Losenice "	"02.08.2022"	NA	NA	NA	NA	NA	NA	NA	NA	0.409466177887978	0.403566525307492	0.18696729680453
"81"	"v20222338"	0.482479765	0.357160436	0.173040785	NA	2338	"Otava"	"O11 - Hamersk? potok "	"02.08.2022"	NA	NA	NA	NA	NA	NA	NA	NA	0.476438060623368	0.352688004354414	0.170873935022218
"82"	"v20222339"	0.505245596	0.361196423	0.134	NA	2339	"Otava"	"O12 - Vydra "	"02.08.2022"	NA	NA	NA	NA	NA	NA	NA	NA	0.505022366518574	0.361036837857967	0.133940795623459
"83"	"v20222340"	0.478502483	0.482120763	0.158830965	NA	2340	"Otava"	"O13 - Voly?ka "	"02.08.2022"	NA	NA	NA	NA	NA	NA	NA	NA	0.42744265758986	0.430674839812631	0.141882502597509
"84"	"v20222341"	0.889923437	0.922769244	0.231341204	NA	2341	"Otava"	"O14 - Blanice "	"02.08.2022"	NA	NA	NA	NA	NA	NA	NA	NA	0.435376068631074	0.451445179442316	0.11317875192661
"85"	"v2022241"	0.605643412	0.78707462	0.269124016	NA	241	"Otava"	"O1 - Otava - P¡sek"	"07.02.2022"	NA	NA	NA	NA	NA	NA	NA	NA	0.364441020570446	0.473615781323641	0.161943198105913
"86"	"v2022241"	0.605643412	0.78707462	0.269124016	20220241	241	"Otava"	"O1_Otava_P?sek"	"07.feb.22"	0.1632432	0.0994032	0.0434832	0.0337632	0.0191232	0.0071232	0.0013632	0	0.364441020570446	0.473615781323641	0.161943198105913
"87"	"v2022242"	0.810304876	1.121245921	0.392853776	20220242	242	"Otava"	"O2_Blanice"	"07.feb.22"	0.175488	0.099768	0.040488	0.030528	0.014568	0.005088	0.000168	0	0.348607503793618	0.482379846445088	0.169012649761294
"88"	"v2022242"	0.810304876	1.121245921	0.392853776	NA	242	"Otava"	"O2 - Blanice "	"07.02.2022"	NA	NA	NA	NA	NA	NA	NA	NA	0.348607503793618	0.482379846445088	0.169012649761294
"89"	"v2022243"	0.707665011	0.950031409	0.284511152	20220243	243	"Otava"	"O3_Voly?ka"	"07.feb.22"	0.130956	0.069996	0.027876	0.020796	0.010716	0.003876	0.000396	0	0.364361163658361	0.489150296135289	0.14648854020635
"90"	"v2022243"	0.707665011	0.950031409	0.284511152	NA	243	"Otava"	"O3 - Voly?ka "	"07.02.2022"	NA	NA	NA	NA	NA	NA	NA	NA	0.364361163658361	0.489150296135289	0.14648854020635
"91"	"v2022244"	0.829099372	1.178939679	0.304	NA	244	"Otava"	"O4 - Peklov "	"07.02.2022"	NA	NA	NA	NA	NA	NA	NA	NA	0.358600937835111	0.509913393759542	0.131485668405347
"92"	"v2022244"	0.829099372	1.178939679	0.304	20220244	244	"Otava"	"O4_Peklov"	"07.feb.22"	0.127784	0.066184	0.022984	0.015784	0.007984	0.002784	0	0	0.358600937835111	0.509913393759542	0.131485668405347
"93"	"v2022245"	0.918118158	1.446390511	0.51078084	NA	245	"Otava"	"O5 - ?ern¡?sk? potok "	"07.02.2022"	NA	NA	NA	NA	NA	NA	NA	NA	0.319313291801114	0.503041695965789	0.177645012233097
"94"	"v2022245"	0.918118158	1.446390511	0.51078084	20220245	245	"Otava"	"O5_?ern??sk?_potok"	"07.feb.22"	0.151608	0.072808	0.025608	0.019208	0.008608	0.002608	0.000408	0	0.319313291801114	0.503041695965789	0.177645012233097
"95"	"v2022246"	0.710445704	0.908142549	0.333377148	NA	246	"Otava"	"O6 - Nezdick? potok "	"07.02.2022"	NA	NA	NA	NA	NA	NA	NA	NA	0.363964291393708	0.465245208001512	0.17079050060478
"96"	"v2022246"	0.710445704	0.908142549	0.333377148	20220246	246	"Otava"	"O6_Nezdick?_potok"	"07.feb.22"	0.139332	0.078132	0.033732	0.025812	0.013092	0.006252	0.000852	0	0.363964291393708	0.465245208001512	0.17079050060478
"97"	"v2022247"	0.629139487	0.775976366	0.219539576	20220247	247	"Otava"	"O7_Ostru?n?"	"07.feb.22"	0.1170744	0.0664344	0.0291144	0.0208344	0.0126744	0.0045144	7.44e-05	0	0.387244874063693	0.477625194948338	0.13512993098797
"98"	"v2022247"	0.629139487	0.775976366	0.219539576	NA	247	"Otava"	"O7 - Ostru?n  "	"07.02.2022"	NA	NA	NA	NA	NA	NA	NA	NA	0.387244874063693	0.477625194948338	0.13512993098797
"99"	"v2022248"	0.727960164	0.841976752	0.266819256	20220248	248	"Otava"	"O8_Vol?ovka"	"07.feb.22"	0.152784	0.084144	0.034344	0.025944	0.013704	0.004824	0	0	0.396329232533538	0.458404204561998	0.145266562904464
"100"	"v2022248"	0.727960164	0.841976752	0.266819256	NA	248	"Otava"	"O8 - Vol?ovka "	"07.02.2022"	NA	NA	NA	NA	NA	NA	NA	NA	0.396329232533538	0.458404204561998	0.145266562904464
"101"	"v2022249"	0.566708097	0.494384425	0.095328329	20220249	249	"Otava"	"O9_Otava_nad_Vol?ovkou"	"07.feb.22"	0.162036	0.100236	0.041916	0.031836	0.014676	0.005796	0	0	0.490053509939696	0.42751254837068	0.0824339416896245
"102"	"v2022249"	0.566708097	0.494384425	0.095328329	NA	249	"Otava"	"O9 - Otava nad Vol?ovkou"	"07.02.2022"	NA	NA	NA	NA	NA	NA	NA	NA	0.490053509939696	0.42751254837068	0.0824339416896245
"103"	"v2022250"	0.368925327	0.392991519	0.098487656	NA	250	"Otava"	"O10 - Losenice "	"07.02.2022"	NA	NA	NA	NA	NA	NA	NA	NA	0.428781260607583	0.456752048700926	0.114466690691491
"104"	"v2022250"	0.368925327	0.392991519	0.098487656	20220250	250	"Otava"	"O10_Losenice"	"07.feb.22"	0.1263384	0.1455384	0.0208584	0.0167784	0.0104184	0.0029784	0	0	0.428781260607583	0.456752048700926	0.114466690691491
"105"	"v2022251"	0.399477203	0.310653588	0.054424666	NA	251	"Otava"	"O11 - Hamersk? potok "	"07.02.2022"	NA	NA	NA	NA	NA	NA	NA	NA	0.52249604569888	0.406319234472484	0.0711847198286363
"106"	"v2022251"	0.399477203	0.310653588	0.054424666	20220251	251	"Otava"	"O11_Hamersk?_potok"	"07.feb.22"	0.1304544	0.0783744	0.0367344	0.0291744	0.0157344	0.0052944	0.0006144	0	0.52249604569888	0.406319234472484	0.0711847198286363
"107"	"v2022252"	0.552881003	0.389809924	0.067616248	NA	252	"Otava"	"O12 - Vydra "	"07.02.2022"	NA	NA	NA	NA	NA	NA	NA	NA	0.54724049940554	0.38583307497544	0.0669264256190203
"108"	"v2022252"	0.552881003	0.389809924	0.067616248	20220252	252	"Otava"	"O12_Vydra"	"07.feb.22"	0.2131032	0.1280232	0.0635832	0.0500232	0.0283032	0.0089832	0.0017832	0	0.54724049940554	0.38583307497544	0.0669264256190203
"109"	"v2022253"	1.068028527	1.089406536	0.274664561	NA	253	"Otava"	"O13 - Voly?ka "	"07.02.2022"	NA	NA	NA	NA	NA	NA	NA	NA	0.439138477906364	0.447928417590183	0.112933104503453
"110"	"v2022253"	1.068028527	1.089406536	0.274664561	20220253	253	"Otava"	"O13_Voly?ka"	"07.feb.22"	0.2453832	0.1477032	0.0597432	0.0448632	0.0235032	0.0074232	0	0	0.439138477906364	0.447928417590183	0.112933104503453
"111"	"v2022254"	0.939350245	0.942220392	0.244	NA	254	"Otava"	"O14 - Blanice "	"07.02.2022"	NA	NA	NA	NA	NA	NA	NA	NA	0.441928500821683	0.443278795631951	0.114792703546365
"112"	"v2022254"	0.939350245	0.942220392	0.244	20220254	254	"Otava"	"O14_Blanice"	"07.feb.22"	0.215256	0.121296	0.052776	0.040056	0.019656	0.006576	0	0	0.441928500821683	0.443278795631951	0.114792703546365
"113"	"v20224251"	1.249161591	1.325499573	0.375880143	NA	4251	"Otava"	"O1 - Otava - P¡sek"	"28.11.2022"	NA	NA	NA	NA	NA	NA	NA	NA	0.423366921871736	0.449239456453405	0.127393621674858
"114"	"v20224252"	1.257077535	1.670453891	0.506625152	NA	4252	"Otava"	"O2 - Blanice "	"28.11.2022"	NA	NA	NA	NA	NA	NA	NA	NA	0.366051316079508	0.486423333665481	0.147525350255011
"115"	"v20224253"	0.946222413	1.211449716	0.319427804	NA	4253	"Otava"	"O3 - Voly?ka "	"28.11.2022"	NA	NA	NA	NA	NA	NA	NA	NA	0.38198798538339	0.489059686232691	0.128952328383919
"116"	"v20224254"	1.213451492	1.612363775	0.383245884	NA	4254	"Otava"	"O4 - Peklov "	"28.11.2022"	NA	NA	NA	NA	NA	NA	NA	NA	0.378132866561881	0.502440962989303	0.119426170448816
"117"	"v20224255"	1.168748413	1.75141492	0.56965244	NA	4255	"Otava"	"O5 - ?ern¡?sk? potok "	"28.11.2022"	NA	NA	NA	NA	NA	NA	NA	NA	0.334902610631303	0.501864577938567	0.163232811430129
"118"	"v20224256"	0.944794136	1.233818203	0.315893438	NA	4256	"Otava"	"O6 - Nezdick? potok "	"28.11.2022"	NA	NA	NA	NA	NA	NA	NA	NA	0.37875002924878	0.494614289682601	0.126635681068619
"119"	"v20224257"	0.82318847	1.033729162	0.240764096	NA	4257	"Otava"	"O7 - Ostru?n  "	"28.11.2022"	NA	NA	NA	NA	NA	NA	NA	NA	0.392427725813704	0.492795998650182	0.114776275536114
"120"	"v20224258"	0.407792629	0.519944477	0.129450316	NA	4258	"Otava"	"O8 - Vol?ovka "	"28.11.2022"	NA	NA	NA	NA	NA	NA	NA	NA	0.385733523227634	0.491818637055256	0.122447839717109
"121"	"v20224259"	1.134058747	0.753275662	0.125010641	NA	4259	"Otava"	"O9 - Otava nad Vol?ovkou"	"28.11.2022"	NA	NA	NA	NA	NA	NA	NA	NA	0.563550841839972	0.374327286466106	0.0621218716939225
"122"	"v20224260"	0.559870939	0.469731616	0.108419925	NA	4260	"Otava"	"O10 - Losenice "	"28.11.2022"	NA	NA	NA	NA	NA	NA	NA	NA	0.491968259713112	0.412761280427431	0.0952704598594573
"123"	"v20224261"	1.186056976	0.765581223	0.0993	NA	4261	"Otava"	"O11 - Hamersk? potok "	"28.11.2022"	NA	NA	NA	NA	NA	NA	NA	NA	0.5782997150174	0.373283418960788	0.0484168660218123
"124"	"v20224262"	1.191470078	0.723452371	0.100668975	NA	4262	"Otava"	"O12 - Vydra "	"28.11.2022"	NA	NA	NA	NA	NA	NA	NA	NA	0.591126784829979	0.358928085516601	0.0499451296534193
"125"	"v20224263"	0.69524905	0.698800356	0.140129958	NA	4263	"Otava"	"O13 - Voly?ka "	"28.11.2022"	NA	NA	NA	NA	NA	NA	NA	NA	0.453173250999353	0.455488042922209	0.0913387060784374
"126"	"v20224264"	1.288405817	1.238742426	0.225083411	NA	4264	"Otava"	"O14 - Blanice "	"28.11.2022"	NA	NA	NA	NA	NA	NA	NA	NA	0.468131312684917	0.450086541298097	0.0817821460169864
"127"	"v2023586"	0.806892141	0.849047628	0.322653953	NA	586	"Otava"	"O1 - Otava - P¡sek"	"20.03.2023"	NA	NA	NA	NA	NA	NA	NA	NA	0.407810927543214	0.429116709792128	0.163072362664658
"128"	"v2023587"	1.109255749	1.333799197	0.587680652	NA	587	"Otava"	"O2 - Blanice "	"20.03.2023"	NA	NA	NA	NA	NA	NA	NA	NA	0.366002151336462	0.440090913202782	0.193906935460755
"129"	"v2023588"	0.807786498	0.988534501	0.365773582	NA	588	"Otava"	"O3 - Voly?ka "	"20.03.2023"	NA	NA	NA	NA	NA	NA	NA	NA	0.37361293307825	0.457211497446513	0.169175569475237
"130"	"v2023589"	1.049109594	1.403001008	0.413326992	NA	589	"Otava"	"O4 - Peklov "	"20.03.2023"	NA	NA	NA	NA	NA	NA	NA	NA	0.366125437942446	0.489628882840713	0.144245679216841
"131"	"v2023590"	0.956298307	1.396238841	0.705713962	NA	590	"Otava"	"O5 - ?ern¡?sk? potok "	"20.03.2023"	NA	NA	NA	NA	NA	NA	NA	NA	0.312694501727819	0.456548135120271	0.230757363151909
"132"	"v2023591"	0.790144052	0.973906033	0.366229174	NA	591	"Otava"	"O6 - Nezdick? potok "	"20.03.2023"	NA	NA	NA	NA	NA	NA	NA	NA	0.370911019605435	0.457172940536056	0.171916039858509
"133"	"v2023592"	0.60725971	0.755268902	0.274916278	NA	592	"Otava"	"O7 - Ostru?n  "	"20.03.2023"	NA	NA	NA	NA	NA	NA	NA	NA	0.370858105642871	0.46124844055057	0.167893453806558
"134"	"v2023593"	0.417635975	0.502520178	0.172822432	NA	593	"Otava"	"O8 - Vol?ovka "	"20.03.2023"	NA	NA	NA	NA	NA	NA	NA	NA	0.382108104158326	0.459771293689162	0.158120602152512
"135"	"v2023594"	0.964188775	0.643877392	0.23437407	NA	594	"Otava"	"O9 - Otava nad Vol?ovkou"	"20.03.2023"	NA	NA	NA	NA	NA	NA	NA	NA	0.5233216012314	0.349469892737693	0.127208506030907
"136"	"v2023595"	0.568448095	0.49081675	0.164299532	NA	595	"Otava"	"O10 - Losenice "	"20.03.2023"	NA	NA	NA	NA	NA	NA	NA	NA	0.464583724146784	0.40113684185822	0.134279433994996
"137"	"v2023596"	1.211360542	0.783768652	0.179980351	NA	596	"Otava"	"O11 - Hamersk? potok "	"20.03.2023"	NA	NA	NA	NA	NA	NA	NA	NA	0.556919326102263	0.360335254746905	0.0827454191508318
"138"	"v2023597"	1.580426315	0.954650907	0.203738936	NA	597	"Otava"	"O12 - Vydra "	"20.03.2023"	NA	NA	NA	NA	NA	NA	NA	NA	0.577047243709156	0.348563339752284	0.0743894165385598
"139"	"v2023598"	0.706906164	0.717488568	0.18129791	NA	598	"Otava"	"O13 - Voly?ka "	"20.03.2023"	NA	NA	NA	NA	NA	NA	NA	NA	0.440249986522639	0.446840540482467	0.112909472994895
"140"	"v2023599"	0.849420318	0.871567533	0.199751512	NA	599	"Otava"	"O14 - Blanice "	"20.03.2023"	NA	NA	NA	NA	NA	NA	NA	NA	0.442236117175884	0.453766684740974	0.103997198083143
